1 2
1 6
1 11
1 12
1 16
1 20
1 22
1 23
1 24
1 32
1 35
1 36
1 38
1 41
1 54
1 57
1 61
1 64
1 65
1 75
1 76
1 82
1 88
1 89
1 97
1 104
1 107
1 108
1 118
1 122
1 128
1 129
2 3
2 5
2 129
3 11
3 129
4 11
4 12
4 16
4 18
4 20
4 22
4 23
4 25
4 30
4 31
4 35
4 38
4 44
4 48
4 49
4 50
4 52
4 54
4 57
4 61
4 63
4 64
4 65
4 73
4 75
4 76
4 79
4 82
4 84
4 89
4 101
4 102
4 104
4 107
4 108
4 109
4 111
4 112
4 113
4 118
4 120
4 121
4 122
4 123
4 124
4 125
4 127
4 128
4 129
5 11
6 8
6 9
6 11
6 12
6 16
6 17
6 18
6 20
6 21
6 22
6 23
6 24
6 25
6 30
6 31
6 32
6 35
6 38
6 41
6 48
6 49
6 50
6 52
6 55
6 57
6 61
6 63
6 64
6 65
6 73
6 74
6 75
6 76
6 77
6 80
6 81
6 82
6 84
6 85
6 86
6 87
6 88
6 89
6 90
6 93
6 95
6 97
6 98
6 101
6 103
6 104
6 107
6 108
6 109
6 110
6 112
6 116
6 118
6 119
6 122
6 124
6 126
6 127
6 128
6 129
7 52
7 64
7 75
8 16
8 18
8 38
8 129
9 11
9 12
9 16
9 18
9 20
9 23
9 38
9 52
9 54
9 61
9 64
9 65
9 75
9 76
9 82
9 84
9 85
9 86
9 88
9 104
9 112
9 119
9 122
10 11
11 17
11 18
11 19
11 27
11 30
11 38
11 44
11 48
11 49
11 50
11 52
11 54
11 55
11 58
11 61
11 65
11 76
11 82
11 84
11 87
11 88
11 95
11 97
11 122
12 14
12 20
13 14
13 20
13 24
13 25
13 88
14 20
16 88
16 112
17 28
18 19
18 38
18 61
18 82
18 84
18 85
18 86
18 88
18 119
19 30
19 38
19 48
19 49
19 54
19 61
19 64
19 65
19 75
19 76
19 82
19 88
19 90
20 61
21 14
21 20
21 24
21 32
21 38
21 48
21 49
21 55
21 58
21 61
21 64
21 65
21 75
21 76
21 77
21 80
21 82
21 84
21 85
21 86
21 88
21 89
21 93
21 97
21 98
21 101
21 104
21 109
21 112
21 116
21 118
21 119
21 126
22 21
22 32
22 38
22 49
22 55
22 61
22 64
22 65
22 76
22 80
22 82
22 85
22 88
22 101
22 112
22 118
22 128
22 129
23 21
23 24
23 25
23 32
23 43
23 48
23 49
23 50
23 52
23 54
23 55
23 56
23 58
23 61
23 63
23 64
23 65
23 75
23 76
23 80
23 82
23 84
23 85
23 88
23 89
23 97
23 98
23 103
23 104
23 109
23 110
23 119
23 122
23 126
23 127
25 111
26 50
26 64
26 65
26 76
26 122
27 38
28 38
29 38
30 38
30 52
30 54
31 55
31 64
31 65
31 128
32 48
32 49
32 55
32 58
32 63
32 64
32 65
32 76
32 82
32 84
32 88
32 101
32 116
32 119
32 121
32 126
33 48
34 127
35 38
35 52
35 54
35 61
35 64
35 65
35 73
35 75
35 76
35 82
35 84
35 85
35 87
35 89
35 90
35 95
35 97
35 98
35 101
35 109
35 111
35 112
35 116
35 119
35 122
35 126
41 57
41 64
41 65
41 75
41 76
41 88
42 57
42 129
43 53
43 54
43 65
44 53
44 65
44 104
45 64
45 75
45 76
45 129
46 43
46 52
46 53
46 54
46 65
46 109
47 43
47 53
47 54
48 57
48 64
48 65
48 84
48 88
48 97
48 98
48 101
48 104
48 112
49 57
49 61
49 63
49 65
49 76
49 82
49 85
49 98
49 112
49 122
50 52
50 64
50 76
50 105
52 61
52 65
52 73
52 81
52 82
52 84
52 85
52 87
52 95
52 97
52 101
52 109
52 112
52 122
54 57
54 104
54 127
55 57
55 65
55 79
55 88
55 112
55 122
56 24
56 88
56 104
56 127
57 79
57 88
58 101
58 104
58 112
59 129
60 109
61 80
61 81
62 80
62 81
63 111
64 65
64 76
64 105
65 75
65 112
65 116
65 118
67 79
67 129
69 80
69 84
69 85
70 80
70 84
71 80
72 80
72 84
72 85
73 87
74 111
74 112
74 116
75 93
75 109
75 112
77 108
77 109
77 129
79 88
81 84
81 93
81 96
81 111
81 116
81 121
82 85
82 86
82 90
82 93
82 97
82 103
82 109
82 110
82 112
82 116
82 126
83 129
84 93
84 96
84 111
84 116
84 121
85 93
85 96
85 111
85 116
85 121
86 85
86 93
86 96
86 98
86 101
86 112
86 116
87 97
87 98
87 119
87 126
88 102
88 107
88 109
88 120
88 123
88 124
88 128
88 129
90 96
92 93
92 96
92 111
92 116
93 96
93 111
93 116
93 121
95 122
96 111
96 129
97 98
97 112
98 112
99 127
99 129
100 129
101 97
101 98
102 107
102 120
102 123
102 124
102 128
102 129
103 110
104 103
104 110
105 126
106 129
107 120
107 123
107 124
107 128
107 129
108 109
108 120
108 123
108 124
108 128
108 129
109 119
111 116
112 113
114 112
114 129
117 127
118 126
119 129
120 128
120 129
123 128
123 129
124 128
124 129
125 128
125 129
127 129
128 129
